1 0 120 210
1 1 120 245
2 0 160 430
2 1 160 465
3 0 310 430
3 1 310 465
4 0 275 585
4 1 275 620
5 0 275 705
5 1 275 740
6 0 190 585
6 1 190 620
6 2 80 580
6 3 115 580
6 4 80 615
6 5 115 615
7 0 60 890
7 1 60 945
8 0 25 735
8 1 25 770
8 2 25 700
8 3 25 665
8 4 25 630
8 5 25 595
9 0 115 705
9 1 115 740
10 0 200 705
10 1 200 740
11 0 620 175
11 1 585 175
12 0 100 890
12 1 100 945
30 0 375 80
30 1 375 115
14 0 350 585
14 1 350 620
15 0 840 475
15 1 840 510
16 0 930 685
16 1 930 720
17 0 930 595
17 1 930 630
18 0 845 580
18 1 845 615
19 0 760 595
19 1 760 630
20 0 760 695
20 1 760 730
21 0 760 915
21 1 760 950
22 0 900 915
22 1 900 950
23 0 490 220
23 1 490 255
24 0 650 220
24 1 650 255
25 0 785 360
25 1 820 360
26 0 340 280
26 1 375 280
27 0 660 400
27 1 720 400
28 0 800 30
28 1 800 65
13 0 835 315
13 1 870 315
